// Level data for 27Al(p,g)28Si
//
// Data from NNDC
//

State 11900
10311 9417 9316 9165 8589 8259 7933 7799 7381 6889 6879 6276 4618 1779
  1.0  2.8 0.41 0.63  5.3 0.56 0.32 0.59 0.22 12.1 0.60  0.8 72.2  1.9

State 11799
9316 8589 8413 7933 7381 6879 1779    0
 0.5  1.4  0.9  0.5  2.5  1.8 91.9  0.5

State 10311
6276 4618 1779
10.0 50.0 40.0

State 9417
7933 7799 7416 7381 6889 6276 4618 1779
12.0 43.0  5.5  0.4  8.0  1.3 15.5 14.3

State 9316
8589 7799 6276 1779
 0.6  1.7 26.4 71.3

State 9165
7416 7381 6889 6879 4618 1779
 4.5 13.5  2.9  1.9 31.0 46.2

State 8589
7799 6889 6276 4618 1779
 0.5  0.3  6.9  4.3 88.0

State 8413
6879 4618 1779
80.1  2.8 17.1

State 8259
4980 4618 1779    0
17.0  4.0 70.0  9.0

State 7933
6276 4980 4618 1779    0
 2.4  4.0  4.7  5.5 83.4

State 7799
6889 6276 4618 1779
 0.1 32.7  1.3 65.9

State 7416
1779    0
 6.0 94.0

State 7381
4980 1779    0
 0.3 63.4 36.3

State 6889
4618 1779
 1.2 98.8

State 6879
4618 1779    0
2.7  27.3 70.0

State 6276
4618 1779
11.8 88.2

State 4980
1779
 100

State 4618
1779
 100

State 1779
   0
100

State 0
end
