0.2580406639261672 -0.7038971298845329 0.012725
-2.208028273119657 -0.3725460565718235 0.007194
-2.389336117346735 0.44341419415902816 0.006635
-0.5852884260179092 2.3737956122394976 0.003999
0.4053948884357088 0.4861894631527468 0.011839
-1.431323787997967 0.047478035383965 0.009807
2.5907831402606227 1.6033102007976465 0.005508
2.407754509522353 0.15973027989377453 0.004292
-2.507830655832284 -0.15902184575837097 0.006166
2.711930860172279 2.0568445960824713 0.002402
-0.893254348191407 2.43927300640037 0.003626
-2.5873614088263754 2.6769908478428857 0.002006
-1.13716729543979 1.320767420391352 0.012644
0.7497851663739254 2.145280750647288 0.003384
-1.3170106534788906 -1.9268100392605152 0.004025
-1.5556195094879177 1.25739027632563 0.010839
-2.795149895322686 1.9808885344347313 0.00199
-1.4028215738230934 2.838947473219818 0.002876
-2.4998360497507757 1.6898175409246763 0.006919
2.527310071704269 -0.7273938250677761 0.00438
1.9619568883339644 1.3232724106149805 0.005938
-1.663541815471414 -1.4665517474149967 0.010064
1.4784352716192242 1.5392111162454016 0.005926
-2.7289716969442166 1.8694026584045353 0.00209
0.9888258598275157 2.8407092506266576 0.002856
2.6506759064728405 -0.874412658090792 0.004379
2.993390739600005 0.8127697437490253 0.003674
2.69154192664986 1.9805477363814985 0.002423
0.6130160583426694 1.9430447516102998 0.003889
-1.0587699051112496 1.400200794291374 0.012614
-2.2645838423317075 -1.1264416433016469 0.007763
-0.8755030484246715 0.4499720903967477 0.011389
-2.5058112370705317 2.808029041851129 0.002071
2.155281147531398 -2.1976117090649048 0.002524
-0.626006295939912 -1.14717800659891 0.013315
-2.2777393500065255 1.233871979881088 0.007802
-1.665322461902699 -0.05135912035707557 0.008998
-2.852574454499994 -1.4313695433372065 0.005097
2.373183680076111 -2.6225120236738655 0.002181
0.2654954163720662 -2.261885746872742 0.003803
-0.6047672213541424 -0.8641122983006921 0.012844
-0.7993714357483759 2.8442042140783936 0.00323
-0.6971445834734364 -2.935258091364119 0.003099
-2.5990098004263626 2.58099940362435 0.002036
0.08171861272910164 -0.6502033336726076 0.012469
-0.9791855225950172 2.5910440862967867 0.003467
2.4929019563984065 -1.9507043021328823 0.002813
1.0206309522722776 -2.4559594361068733 0.002861
-0.5130961103593412 -1.1861852144861846 0.013685
2.186029973837467 1.7088883805215476 0.011017
1.0783383079934596 2.534520134998579 0.002813
2.227491225932021 2.119014232438685 0.002715
2.478095052232379 -2.0968101196678184 0.002617
1.8477553291203064 1.6627921738815425 0.007057
2.138371270864633 -1.2946406148678515 0.005941
-1.06243291891936 2.105551754570608 0.00414
-0.38397962986519385 1.1476553633469715 0.01397
2.107621583292727 -0.35827316492835637 0.004653
2.7167944007645746 -2.2982082541015996 0.002075
-0.2823389209132192 -2.9564392366647154 0.003169
0.3153628372365227 -2.335964111482337 0.00359
-0.9751612476379155 1.1453620644545417 0.012755
-2.8531580958816773 1.598626447482311 0.005036
2.406615918131191 -1.5700349814543515 0.006141
2.65701515736549 -2.513290076098693 0.001951
-1.4005117847961732 -0.6534052521172953 0.010537
0.520251337584452 -1.5939177245949934 0.011742
-2.2649649723868297 -2.7597319882451306 0.002286
-0.17281005420002415 1.857453122397664 0.005136
1.4938783038927115 -1.603894169296767 0.005809
-0.019295871347994265 2.3174905049434473 0.003971
-2.3762835489103864 -2.977972163170598 0.002138
-1.0335505466724084 1.7936484618656428 0.00491
2.543451405674049 0.8134344287079083 0.00456
-1.3621435934711994 0.9234803814719794 0.01121
0.30316122663651424 -2.0301985786845282 0.004012
1.6019595356051246 -2.1889676824878634 0.002319
-0.1674281270380269 2.005371312513189 0.004763
-1.2306089011099515 -0.6585975561482305 0.0107
0.6035625692164368 0.3204559014211035 0.007742
-0.1737212951577214 0.5167090844639723 0.012644
0.872184275931617 -2.270578261438466 0.002991
-0.9098886432044626 -2.4229446628853424 0.003642
1.7051696409978145 -0.6326175362507378 0.004079
1.6498530437987764 -2.957418668534525 0.002292
1.1528216899845685 0.27519429912563 0.006074
1.401176362788429 2.5646228058290976 0.002482
-1.6717068679572287 0.8986781803475958 0.009915
1.3995588484398294 -1.836065049910719 0.002436
-1.3013781762542214 1.9032146455261323 0.00426
0.38943372401114473 0.047449221882530423 0.011607
0.16952950648597254 -0.4670119156550401 0.012358
2.732600524161441 1.4008304267828624 0.004777
-0.8721307996660927 0.8496552652164953 0.012387
0.5567557841363753 -0.10069383810544519 0.008782
-0.28633141468124634 -1.6544057521019058 0.017619
0.6473713939342218 1.6458571849223098 0.01114
-1.229713072917529 -2.3350320120920847 0.0035
-1.7899405992677737 -1.1078630106514278 0.009721
0.22948094152971343 0.40101898214807585 0.012188
1.101307304049116 -1.7223719889234026 0.007127
-0.4581801123452989 1.2906803271863376 0.014573
-0.3582763700417573 1.40145823176778 0.014233
-0.41870506246227546 0.9888487574256697 0.013806
-2.63479859407468 -0.5982005834431856 0.005909
-1.9475017519754574 -1.8233888572402015 0.003495
-2.7940236594482553 -1.8766830729808581 0.001981
2.747907458228733 -0.73974423664782 0.004253
-1.642701537034967 0.7319288946426386 0.00974
2.563473718926759 -1.4509223533696107 0.00533
0.11810575440145143 0.3315894032630764 0.012351
-2.5792446945882994 -1.073279831574568 0.006421
1.2891724522313952 -1.564479869947598 0.007234
-0.6037216144405644 -0.759136164852956 0.012571
0.721949558771434 -2.0248263681148355 0.003446
-0.8393612671004274 0.9225446195653539 0.012536
